sSeq oVal rID rNum
6    4    0    1
8    0    7    2
9    0    6    3
10    0    5    4
11    0    4    5
12    0    3    6
13    0    2    7
14    0    1    8
16    1    4    5
18    3    4    5
19    3    3    6
20    3    5    4
21    3    5    4
25    4    1    8
27    2    6    3
30    5    1    8
31    5    2    7
32    5    7    2
33    5    2    7
36    0    0    1
37    0    3    6
38    0    0    1
40    2    7    2
42    0    6    3
Writers
sSeq oVal rID
1    2    2
2    3    3
3    1    1
4    5    5
5    4    4
7    0    0
15    1    1
17    3    3
22    4    4
23    5    5
24    4    4
26    2    2
28    3    3
29    5    5
34    1    1
35    0    0
39    2    2
41    0    0
