sSeq oVal rID rNum
2    2    6    1
3    2    5    5
4    2    7    6
5    2    2    4
6    2    4    3
7    2    1    2
10    3    0    7
11    3    3    8
16    1    1    3
17    1    6    5
18    1    2    7
19    1    5    6
20    1    4    4
22    4    0    8
26    3    6    7
27    3    7    7
28    3    3    6
29    3    1    6
31    5    5    8
32    5    4    6
33    5    2    7
35    1    0    8
38    2    7    5
41    3    3    3
Writers
sSeq oVal rID
1    2    2
8    1    1
9    3    3
12    0    0
13    4    4
14    5    5
15    1    1
21    4    4
23    0    0
24    2    2
25    3    3
30    5    5
34    1    1
36    0    0
37    2    2
39    4    4
40    3    3
42    5    5
